{"nbformat":4,"nbformat_minor":0,"metadata":{"colab":{"name":"Copy of Tawiwan_stock_crawler.ipynb","provenance":[{"file_id":"1eDNVCgI18KoMXpwqhrucRMidaCtslXRH","timestamp":1593610483148}],"collapsed_sections":[],"mount_file_id":"1eDNVCgI18KoMXpwqhrucRMidaCtslXRH","authorship_tag":"ABX9TyMUutHOExkDFiIvSiOPC/W8"},"kernelspec":{"name":"python3","display_name":"Python 3"}},"cells":[{"cell_type":"code","metadata":{"id":"Uky0rEAbQ-He","colab_type":"code","cellView":"code","colab":{"base_uri":"https://localhost:8080/","height":571},"executionInfo":{"status":"ok","timestamp":1593596059163,"user_tz":-480,"elapsed":17337,"user":{"displayName":"趙子安","photoUrl":"https://lh3.googleusercontent.com/a-/AOh14Gg5Qa_3eo5bOdiZ5bhF3EDBlWPU_DRxBIAdcGkW8Q=s64","userId":"07690185118927145831"}},"outputId":"d0db6791-8e82-4a5a-cf99-1f1daf7c724a"},"source":["#@title\n","\n","!pip install selenium\n","!apt-get update # to update ubuntu to correctly run apt install\n","!apt install chromium-chromedriver\n","!cp /usr/lib/chromium-browser/chromedriver /usr/bin\n","!pip install pandas\n"],"execution_count":null,"outputs":[{"output_type":"stream","text":["Requirement already satisfied: selenium in /usr/local/lib/python3.6/dist-packages (3.141.0)\n","Requirement already satisfied: urllib3 in /usr/local/lib/python3.6/dist-packages (from selenium) (1.24.3)\n","Hit:1 https://cloud.r-project.org/bin/linux/ubuntu bionic-cran35/ InRelease\n","Ign:2 https://developer.download.nvidia.com/compute/cuda/repos/ubuntu1804/x86_64  InRelease\n","Ign:3 https://developer.download.nvidia.com/compute/machine-learning/repos/ubuntu1804/x86_64  InRelease\n","Hit:4 https://developer.download.nvidia.com/compute/cuda/repos/ubuntu1804/x86_64  Release\n","Hit:5 https://developer.download.nvidia.com/compute/machine-learning/repos/ubuntu1804/x86_64  Release\n","Hit:6 http://archive.ubuntu.com/ubuntu bionic InRelease\n","Hit:7 http://ppa.launchpad.net/graphics-drivers/ppa/ubuntu bionic InRelease\n","Get:8 http://security.ubuntu.com/ubuntu bionic-security InRelease [88.7 kB]\n","Get:10 http://archive.ubuntu.com/ubuntu bionic-updates InRelease [88.7 kB]\n","Hit:12 http://ppa.launchpad.net/marutter/c2d4u3.5/ubuntu bionic InRelease\n","Get:13 http://archive.ubuntu.com/ubuntu bionic-backports InRelease [74.6 kB]\n","Get:14 http://archive.ubuntu.com/ubuntu bionic-updates/main amd64 Packages [1,271 kB]\n","Get:15 http://archive.ubuntu.com/ubuntu bionic-updates/universe amd64 Packages [1,399 kB]\n","Fetched 2,922 kB in 3s (921 kB/s)\n","Reading package lists... Done\n","Reading package lists... Done\n","Building dependency tree       \n","Reading state information... Done\n","chromium-chromedriver is already the newest version (83.0.4103.61-0ubuntu0.18.04.1).\n","The following package was automatically installed and is no longer required:\n","  libnvidia-common-440\n","Use 'apt autoremove' to remove it.\n","0 upgraded, 0 newly installed, 0 to remove and 42 not upgraded.\n","cp: '/usr/lib/chromium-browser/chromedriver' and '/usr/bin/chromedriver' are the same file\n","Requirement already satisfied: pandas in /usr/local/lib/python3.6/dist-packages (1.0.5)\n","Requirement already satisfied: python-dateutil>=2.6.1 in /usr/local/lib/python3.6/dist-packages (from pandas) (2.8.1)\n","Requirement already satisfied: numpy>=1.13.3 in /usr/local/lib/python3.6/dist-packages (from pandas) (1.18.5)\n","Requirement already satisfied: pytz>=2017.2 in /usr/local/lib/python3.6/dist-packages (from pandas) (2018.9)\n","Requirement already satisfied: six>=1.5 in /usr/local/lib/python3.6/dist-packages (from python-dateutil>=2.6.1->pandas) (1.12.0)\n"],"name":"stdout"}]},{"cell_type":"code","metadata":{"id":"oWRvOdn_ozjF","colab_type":"code","colab":{"base_uri":"https://localhost:8080/","height":106},"executionInfo":{"status":"ok","timestamp":1593596059165,"user_tz":-480,"elapsed":17334,"user":{"displayName":"趙子安","photoUrl":"https://lh3.googleusercontent.com/a-/AOh14Gg5Qa_3eo5bOdiZ5bhF3EDBlWPU_DRxBIAdcGkW8Q=s64","userId":"07690185118927145831"}},"outputId":"594c1231-0837-44fd-f4c1-5465c78b03d3"},"source":["'''\n","!pip install numpy\n","!pip install pandas\n","!pip install pandas_datareader\n","!pip install mpl_finance\n","!wget http://prdownloads.sourceforge.net/ta-lib/ta-lib-0.4.0-src.tar.gz\n","!tar -xzvf ta-lib-0.4.0-src.tar.gz\n","%cd ta-lib\n","!./configure --prefix=/usr\n","!make\n","!make install\n","!pip install Ta-Lib\n","# basic\n","import numpy as np\n","import pandas as pd\n","\n","# get data\n","import pandas_datareader as pdr\n","\n","# visual\n","import matplotlib.pyplot as plt\n","import mpl_finance as mpf\n","\n","%matplotlib inline\n","import seaborn as sns\n","\n","#time\n","import datetime as datetime\n","\n","#talib\n","import talib\n","'''"],"execution_count":null,"outputs":[{"output_type":"execute_result","data":{"application/vnd.google.colaboratory.intrinsic":{"type":"string"},"text/plain":["'\\n!pip install numpy\\n!pip install pandas\\n!pip install pandas_datareader\\n!pip install mpl_finance\\n!wget http://prdownloads.sourceforge.net/ta-lib/ta-lib-0.4.0-src.tar.gz\\n!tar -xzvf ta-lib-0.4.0-src.tar.gz\\n%cd ta-lib\\n!./configure --prefix=/usr\\n!make\\n!make install\\n!pip install Ta-Lib\\n# basic\\nimport numpy as np\\nimport pandas as pd\\n\\n# get data\\nimport pandas_datareader as pdr\\n\\n# visual\\nimport matplotlib.pyplot as plt\\nimport mpl_finance as mpf\\n\\n%matplotlib inline\\nimport seaborn as sns\\n\\n#time\\nimport datetime as datetime\\n\\n#talib\\nimport talib\\n'"]},"metadata":{"tags":[]},"execution_count":355}]},{"cell_type":"code","metadata":{"id":"XWHTOglirhpc","colab_type":"code","colab":{"base_uri":"https://localhost:8080/","height":35},"executionInfo":{"status":"ok","timestamp":1593596059166,"user_tz":-480,"elapsed":17333,"user":{"displayName":"趙子安","photoUrl":"https://lh3.googleusercontent.com/a-/AOh14Gg5Qa_3eo5bOdiZ5bhF3EDBlWPU_DRxBIAdcGkW8Q=s64","userId":"07690185118927145831"}},"outputId":"2fad1ff3-f528-46ee-9cec-c4128aa6f4e3"},"source":["'''\n","start = datetime.datetime(2020,1,1)\n","df_2330 = pdr.DataReader('8069.TWO', 'yahoo', start=start)\n","df_2330\n","'''"],"execution_count":null,"outputs":[{"output_type":"execute_result","data":{"application/vnd.google.colaboratory.intrinsic":{"type":"string"},"text/plain":["\"\\nstart = datetime.datetime(2020,1,1)\\ndf_2330 = pdr.DataReader('8069.TWO', 'yahoo', start=start)\\ndf_2330\\n\""]},"metadata":{"tags":[]},"execution_count":356}]},{"cell_type":"markdown","metadata":{"id":"qGJNtx0Ml3OW","colab_type":"text"},"source":["scrawler for stock value"]},{"cell_type":"code","metadata":{"id":"RyNl_BtM8OcJ","colab_type":"code","cellView":"code","colab":{"base_uri":"https://localhost:8080/","height":73},"executionInfo":{"status":"ok","timestamp":1593596075744,"user_tz":-480,"elapsed":33906,"user":{"displayName":"趙子安","photoUrl":"https://lh3.googleusercontent.com/a-/AOh14Gg5Qa_3eo5bOdiZ5bhF3EDBlWPU_DRxBIAdcGkW8Q=s64","userId":"07690185118927145831"}},"outputId":"f3f0846c-1b24-4aaf-a81b-1fc4368d009f"},"source":["#@title\n","\n","import sys\n","from selenium import webdriver\n","chrome_options = webdriver.ChromeOptions()\n","chrome_options.add_argument('--headless')\n","chrome_options.add_argument('--no-sandbox')\n","chrome_options.add_argument('--disable-dev-shm-usage')\n","wd = webdriver.Chrome('chromedriver',options=chrome_options)\n","driver =webdriver.Chrome('chromedriver',options=chrome_options)\n","stock_code=input(\"請輸入股票代號:\")\n","#stock_code = '2885'\n","driver.get('https://goodinfo.tw/StockInfo/ShowK_Chart.asp?STOCK_ID='+stock_code+'&CHT_CAT2=DATE')\n","#stock_code = driver.find_element_by_id('txtStockCode')\n","#stock_code\n","#stock_code.send_keys('元太')\n","#from selenium.webdriver.common.keys import Keys\n","#stock_code.send_keys(Keys.RETURN)\n","q = driver.find_element_by_css_selector('td > input:nth-child(5)')\n","print(q)\n","from selenium.webdriver.common.keys import Keys\n","q.send_keys(Keys.RETURN)\n"],"execution_count":null,"outputs":[{"output_type":"stream","text":["請輸入股票代號:8069\n","<selenium.webdriver.remote.webelement.WebElement (session=\"a2d9bb1b5191d83759fc9ee34936c8a8\", element=\"542288fe-1bfa-4b2d-8260-f975b54b5b01\")>\n"],"name":"stdout"}]},{"cell_type":"code","metadata":{"id":"tW9MRSNW1qde","colab_type":"code","cellView":"code","colab":{"base_uri":"https://localhost:8080/","height":1000},"executionInfo":{"status":"ok","timestamp":1593596075745,"user_tz":-480,"elapsed":33904,"user":{"displayName":"趙子安","photoUrl":"https://lh3.googleusercontent.com/a-/AOh14Gg5Qa_3eo5bOdiZ5bhF3EDBlWPU_DRxBIAdcGkW8Q=s64","userId":"07690185118927145831"}},"outputId":"562f040b-66a5-434a-fb77-72dd06c6cb33"},"source":["#@title\n","\n","import pandas as pd\n","df_list = pd.read_html('K_Chart.xls')\n","df = pd.DataFrame(df_list[0])\n","the_last_one = len(df)\n","df.drop([the_last_one-2,the_last_one-1],axis=0,inplace=True)#刪除前兩行空值\n","print(df)\n","df_s=df.sort_index(axis=0,ascending=False)\n","print(df_s)"],"execution_count":null,"outputs":[{"output_type":"stream","text":["       0      1      2      3      4   ...      17     18    19    20    21\n","0   07/01   40.9   42.3  40.85  41.95  ...     NaN    NaN   NaN   NaN   NaN\n","1   06/30  41.05  41.15  40.55   40.6  ...    +241  25333    -3  2396   9.5\n","2   06/29   40.5  41.25   40.2  40.65  ...    -734  25092   -25  2399   9.6\n","3   06/24  40.95     41   40.3   40.5  ...    -345  25826   -94  2424   9.4\n","4   06/23  41.15  41.25   40.5  40.65  ...    -325  26171   -30  2518   9.6\n","5   06/22  40.25   41.2  40.25  40.55  ...    -948  26496  +172  2548   9.6\n","6   06/19  41.35  41.45  40.35   40.5  ...   -1336  27444  -114  2376   8.7\n","7   06/18  39.05   40.6   38.7   40.6  ...   -1482  28780  +304  2490   8.7\n","8   06/17  38.65   38.8     38   38.4  ...  +1,708  30262   +42  2186   7.2\n","9   06/16   38.2  38.85   37.8  38.75  ...  +1,058  28554    -1  2144   7.5\n","10  06/15   38.1  38.35   37.5   37.7  ...     -91  27496   -36  2145   7.8\n","11  06/12   37.3  38.45   37.3  37.95  ...    -312  27587  -309  2181   7.9\n","12  06/11   37.9   38.9   37.7   38.2  ...    +573  27899  +222  2490   8.9\n","13  06/10   36.8  38.45  36.45  38.05  ...    -568  27326  +194  2268   8.3\n","14  06/09  39.45   39.6   36.8  37.35  ...    -685  27894  -413  2074   7.4\n","15  06/08  41.25   41.3  39.65  40.55  ...    +582  28579  +163  2487   8.7\n","16  06/05  40.45   40.9   40.2   40.8  ...    +200  27997   +47  2324   8.3\n","17  06/04   41.3   41.4  40.15  40.35  ...    -937  27797   +13  2277   8.2\n","18  06/03   41.5   42.2   40.9   41.1  ...    +356  28734   -44  2264   7.9\n","19  06/02   41.8  41.85   40.9     41  ...    -503  28378   -53  2308   8.1\n","20  06/01   41.1   42.4  40.65  41.85  ...    +765  28881   +55  2361   8.2\n","21  05/29     41  41.35   40.6   40.6  ...    +624  28116  -149  2306   8.2\n","22  05/28   41.6   42.3   40.5  40.55  ...    -249  27492  -162  2455   8.9\n","23  05/27  42.05  42.65   41.4   41.6  ...    +488  27741  -242  2617   9.4\n","24  05/26   42.8  42.95  41.55   41.7  ...    +164  27253   +43  2859  10.5\n","25  05/25   40.6     43  40.15   42.3  ...    -502  27089  +505  2816  10.4\n","26  05/22  39.55  40.65   38.9   39.8  ...   -1783  27591  +415  2311   8.4\n","27  05/21   38.8   39.9  38.05  38.85  ...    -434  29374   +37  1896   6.5\n","28  05/20   36.4   39.3   36.1  39.05  ...  +4,129  29808  +578  1859   6.2\n","29  05/19   37.4  37.45   36.3   36.3  ...    +972  25679   +10  1281     5\n","30  05/18   35.9  36.35  35.15   36.1  ...    +151  24707  +161  1271   5.1\n","31  05/15   37.1   37.4  34.65   35.8  ...    +961  24556  -107  1110   4.5\n","32  05/14  37.45  37.65   36.2   36.5  ...    +692  23595   -13  1217   5.2\n","33  05/13     36  37.45  35.75  37.45  ...  +1,001  22903  +256  1230   5.4\n","34  05/12     35   36.9   34.8  35.85  ...    +680  21902  +150   974   4.4\n","35  05/11   33.8   35.5  33.35   34.9  ...  +1,234  21222  +353   824   3.9\n","36  05/08   33.3  34.25  32.65     33  ...    +754  19988   +27   471   2.4\n","37  05/07   31.6     32  31.35  31.95  ...    +900  19234   +40   444   2.3\n","38  05/06   30.8   31.6  30.75  31.25  ...    -161  18334   +34   404   2.2\n","39  05/05     31   31.2   30.6   30.6  ...    +588  18495    +5   370     2\n","40  05/04  30.35  30.75  30.05  30.55  ...    -199  17907   -50   365     2\n","41  04/30     31   31.2   30.7     31  ...    +353  18106   +28   415   2.3\n","42  04/29   31.2  31.35   30.5  30.75  ...    -276  17753   -62   387   2.2\n","43  04/28     31  31.35   30.8  30.95  ...    -113  18029   +80   449   2.5\n","44  04/27  29.65     31  29.55   30.8  ...  +1,740  18142   +95   369     2\n","45  04/24   28.2   29.2  28.15  28.95  ...     -41  16402   +75   274   1.7\n","46  04/23   28.4   28.5   28.1  28.35  ...     +24  16443    +9   199   1.2\n","47  04/22  27.55   28.1   27.1   28.1  ...     -19  16419   -22   190   1.2\n","48  04/21  28.85   28.9  27.75   27.8  ...    +257  16438   +65   212   1.3\n","49  04/20     29   29.1   28.7  28.85  ...     +44  16181   +21   147   0.9\n","50  04/17   29.9   30.2  28.75  28.75  ...    +565  16137   +58   126   0.8\n","51  04/16  28.05   29.4   27.9   29.1  ...     -78  15572   +68    68   0.4\n","52  04/15   28.2   28.4     28  28.15  ...    -327  15650     0     0     0\n","53  04/14   27.8  27.95   27.7   27.9  ...     +55  15977     0     0     0\n","54  04/13   27.8   27.9   27.5   27.5  ...     -25  15922     0     0     0\n","55  04/10   27.8   28.1   27.6   27.8  ...    -139  15947  -217     0     0\n","56  04/09  27.45   28.4   27.4   27.6  ...     +78  16086    -4   217   1.3\n","57  04/08     26  26.95  25.85   26.8  ...     +84  16008  -109   221   1.4\n","58  04/07   25.8  25.95  25.55   25.9  ...    +243  15924  -117   330   2.1\n","59  04/06   25.3  25.35   24.8   25.2  ...    -123  15681  -104   447   2.9\n","\n","[60 rows x 22 columns]\n","       0      1      2      3      4   ...      17     18    19    20    21\n","59  04/06   25.3  25.35   24.8   25.2  ...    -123  15681  -104   447   2.9\n","58  04/07   25.8  25.95  25.55   25.9  ...    +243  15924  -117   330   2.1\n","57  04/08     26  26.95  25.85   26.8  ...     +84  16008  -109   221   1.4\n","56  04/09  27.45   28.4   27.4   27.6  ...     +78  16086    -4   217   1.3\n","55  04/10   27.8   28.1   27.6   27.8  ...    -139  15947  -217     0     0\n","54  04/13   27.8   27.9   27.5   27.5  ...     -25  15922     0     0     0\n","53  04/14   27.8  27.95   27.7   27.9  ...     +55  15977     0     0     0\n","52  04/15   28.2   28.4     28  28.15  ...    -327  15650     0     0     0\n","51  04/16  28.05   29.4   27.9   29.1  ...     -78  15572   +68    68   0.4\n","50  04/17   29.9   30.2  28.75  28.75  ...    +565  16137   +58   126   0.8\n","49  04/20     29   29.1   28.7  28.85  ...     +44  16181   +21   147   0.9\n","48  04/21  28.85   28.9  27.75   27.8  ...    +257  16438   +65   212   1.3\n","47  04/22  27.55   28.1   27.1   28.1  ...     -19  16419   -22   190   1.2\n","46  04/23   28.4   28.5   28.1  28.35  ...     +24  16443    +9   199   1.2\n","45  04/24   28.2   29.2  28.15  28.95  ...     -41  16402   +75   274   1.7\n","44  04/27  29.65     31  29.55   30.8  ...  +1,740  18142   +95   369     2\n","43  04/28     31  31.35   30.8  30.95  ...    -113  18029   +80   449   2.5\n","42  04/29   31.2  31.35   30.5  30.75  ...    -276  17753   -62   387   2.2\n","41  04/30     31   31.2   30.7     31  ...    +353  18106   +28   415   2.3\n","40  05/04  30.35  30.75  30.05  30.55  ...    -199  17907   -50   365     2\n","39  05/05     31   31.2   30.6   30.6  ...    +588  18495    +5   370     2\n","38  05/06   30.8   31.6  30.75  31.25  ...    -161  18334   +34   404   2.2\n","37  05/07   31.6     32  31.35  31.95  ...    +900  19234   +40   444   2.3\n","36  05/08   33.3  34.25  32.65     33  ...    +754  19988   +27   471   2.4\n","35  05/11   33.8   35.5  33.35   34.9  ...  +1,234  21222  +353   824   3.9\n","34  05/12     35   36.9   34.8  35.85  ...    +680  21902  +150   974   4.4\n","33  05/13     36  37.45  35.75  37.45  ...  +1,001  22903  +256  1230   5.4\n","32  05/14  37.45  37.65   36.2   36.5  ...    +692  23595   -13  1217   5.2\n","31  05/15   37.1   37.4  34.65   35.8  ...    +961  24556  -107  1110   4.5\n","30  05/18   35.9  36.35  35.15   36.1  ...    +151  24707  +161  1271   5.1\n","29  05/19   37.4  37.45   36.3   36.3  ...    +972  25679   +10  1281     5\n","28  05/20   36.4   39.3   36.1  39.05  ...  +4,129  29808  +578  1859   6.2\n","27  05/21   38.8   39.9  38.05  38.85  ...    -434  29374   +37  1896   6.5\n","26  05/22  39.55  40.65   38.9   39.8  ...   -1783  27591  +415  2311   8.4\n","25  05/25   40.6     43  40.15   42.3  ...    -502  27089  +505  2816  10.4\n","24  05/26   42.8  42.95  41.55   41.7  ...    +164  27253   +43  2859  10.5\n","23  05/27  42.05  42.65   41.4   41.6  ...    +488  27741  -242  2617   9.4\n","22  05/28   41.6   42.3   40.5  40.55  ...    -249  27492  -162  2455   8.9\n","21  05/29     41  41.35   40.6   40.6  ...    +624  28116  -149  2306   8.2\n","20  06/01   41.1   42.4  40.65  41.85  ...    +765  28881   +55  2361   8.2\n","19  06/02   41.8  41.85   40.9     41  ...    -503  28378   -53  2308   8.1\n","18  06/03   41.5   42.2   40.9   41.1  ...    +356  28734   -44  2264   7.9\n","17  06/04   41.3   41.4  40.15  40.35  ...    -937  27797   +13  2277   8.2\n","16  06/05  40.45   40.9   40.2   40.8  ...    +200  27997   +47  2324   8.3\n","15  06/08  41.25   41.3  39.65  40.55  ...    +582  28579  +163  2487   8.7\n","14  06/09  39.45   39.6   36.8  37.35  ...    -685  27894  -413  2074   7.4\n","13  06/10   36.8  38.45  36.45  38.05  ...    -568  27326  +194  2268   8.3\n","12  06/11   37.9   38.9   37.7   38.2  ...    +573  27899  +222  2490   8.9\n","11  06/12   37.3  38.45   37.3  37.95  ...    -312  27587  -309  2181   7.9\n","10  06/15   38.1  38.35   37.5   37.7  ...     -91  27496   -36  2145   7.8\n","9   06/16   38.2  38.85   37.8  38.75  ...  +1,058  28554    -1  2144   7.5\n","8   06/17  38.65   38.8     38   38.4  ...  +1,708  30262   +42  2186   7.2\n","7   06/18  39.05   40.6   38.7   40.6  ...   -1482  28780  +304  2490   8.7\n","6   06/19  41.35  41.45  40.35   40.5  ...   -1336  27444  -114  2376   8.7\n","5   06/22  40.25   41.2  40.25  40.55  ...    -948  26496  +172  2548   9.6\n","4   06/23  41.15  41.25   40.5  40.65  ...    -325  26171   -30  2518   9.6\n","3   06/24  40.95     41   40.3   40.5  ...    -345  25826   -94  2424   9.4\n","2   06/29   40.5  41.25   40.2  40.65  ...    -734  25092   -25  2399   9.6\n","1   06/30  41.05  41.15  40.55   40.6  ...    +241  25333    -3  2396   9.5\n","0   07/01   40.9   42.3  40.85  41.95  ...     NaN    NaN   NaN   NaN   NaN\n","\n","[60 rows x 22 columns]\n"],"name":"stdout"}]},{"cell_type":"markdown","metadata":{"id":"r2-NfrR15Qws","colab_type":"text"},"source":["### 先以Excel開啟檔案"]},{"cell_type":"code","metadata":{"id":"5jOrvsEE5PwV","colab_type":"code","cellView":"code","colab":{"base_uri":"https://localhost:8080/","height":1000},"executionInfo":{"status":"ok","timestamp":1593596266916,"user_tz":-480,"elapsed":1099,"user":{"displayName":"趙子安","photoUrl":"https://lh3.googleusercontent.com/a-/AOh14Gg5Qa_3eo5bOdiZ5bhF3EDBlWPU_DRxBIAdcGkW8Q=s64","userId":"07690185118927145831"}},"outputId":"96cc758a-b215-4b4c-93fc-961bb15fddc9"},"source":["#@title\n","'''\n","import pandas as pd\n","import math\n","df = pd.read_excel(r'/content/PIP_test.xlsx',sheet_name=\"K_Chart\")\n","print(df)\n","df.drop([0,1],axis=0,inplace=True)#刪除前兩行空值\n","'''\n","df_tmp = df_s\n","#rename column\n","df_tmp.columns = ['交易日期', '開盤', '最高', '最低', '收盤', '漲跌', '漲跌(%)', '振幅(%)', '成交張數', '成交筆數', '成交均張', '成交億元', '外資張數', '投信張數', '自營商張數', '合計張數', '外資持股(%)', '融資增減(張)', '融資餘額(張)', '融券增減(張)', '融券餘額(張)', '資券比(%)']\n","df_format = df_tmp\n","print(df_format)\n","print(df_format.iloc[:,4])\n","print(df_format['交易日期'])\n","df_stockvalue=df_format.iloc[:,4].reset_index().drop(['index'], axis=1)\n","#print(df_stockvalue)\n","#根据行索引和列索引获取元素值\n","idx=0\n","num1=df_stockvalue.iat[idx,0]\n","print (num1)\n","#獲取樣本資料個數\n","length_of_data=len(df_stockvalue)\n","print(length_of_data)"],"execution_count":null,"outputs":[{"output_type":"stream","text":["     交易日期     開盤     最高     最低     收盤  ... 融資增減(張) 融資餘額(張) 融券增減(張) 融券餘額(張) 資券比(%)\n","59  04/06   25.3  25.35   24.8   25.2  ...    -123   15681    -104     447    2.9\n","58  04/07   25.8  25.95  25.55   25.9  ...    +243   15924    -117     330    2.1\n","57  04/08     26  26.95  25.85   26.8  ...     +84   16008    -109     221    1.4\n","56  04/09  27.45   28.4   27.4   27.6  ...     +78   16086      -4     217    1.3\n","55  04/10   27.8   28.1   27.6   27.8  ...    -139   15947    -217       0      0\n","54  04/13   27.8   27.9   27.5   27.5  ...     -25   15922       0       0      0\n","53  04/14   27.8  27.95   27.7   27.9  ...     +55   15977       0       0      0\n","52  04/15   28.2   28.4     28  28.15  ...    -327   15650       0       0      0\n","51  04/16  28.05   29.4   27.9   29.1  ...     -78   15572     +68      68    0.4\n","50  04/17   29.9   30.2  28.75  28.75  ...    +565   16137     +58     126    0.8\n","49  04/20     29   29.1   28.7  28.85  ...     +44   16181     +21     147    0.9\n","48  04/21  28.85   28.9  27.75   27.8  ...    +257   16438     +65     212    1.3\n","47  04/22  27.55   28.1   27.1   28.1  ...     -19   16419     -22     190    1.2\n","46  04/23   28.4   28.5   28.1  28.35  ...     +24   16443      +9     199    1.2\n","45  04/24   28.2   29.2  28.15  28.95  ...     -41   16402     +75     274    1.7\n","44  04/27  29.65     31  29.55   30.8  ...  +1,740   18142     +95     369      2\n","43  04/28     31  31.35   30.8  30.95  ...    -113   18029     +80     449    2.5\n","42  04/29   31.2  31.35   30.5  30.75  ...    -276   17753     -62     387    2.2\n","41  04/30     31   31.2   30.7     31  ...    +353   18106     +28     415    2.3\n","40  05/04  30.35  30.75  30.05  30.55  ...    -199   17907     -50     365      2\n","39  05/05     31   31.2   30.6   30.6  ...    +588   18495      +5     370      2\n","38  05/06   30.8   31.6  30.75  31.25  ...    -161   18334     +34     404    2.2\n","37  05/07   31.6     32  31.35  31.95  ...    +900   19234     +40     444    2.3\n","36  05/08   33.3  34.25  32.65     33  ...    +754   19988     +27     471    2.4\n","35  05/11   33.8   35.5  33.35   34.9  ...  +1,234   21222    +353     824    3.9\n","34  05/12     35   36.9   34.8  35.85  ...    +680   21902    +150     974    4.4\n","33  05/13     36  37.45  35.75  37.45  ...  +1,001   22903    +256    1230    5.4\n","32  05/14  37.45  37.65   36.2   36.5  ...    +692   23595     -13    1217    5.2\n","31  05/15   37.1   37.4  34.65   35.8  ...    +961   24556    -107    1110    4.5\n","30  05/18   35.9  36.35  35.15   36.1  ...    +151   24707    +161    1271    5.1\n","29  05/19   37.4  37.45   36.3   36.3  ...    +972   25679     +10    1281      5\n","28  05/20   36.4   39.3   36.1  39.05  ...  +4,129   29808    +578    1859    6.2\n","27  05/21   38.8   39.9  38.05  38.85  ...    -434   29374     +37    1896    6.5\n","26  05/22  39.55  40.65   38.9   39.8  ...   -1783   27591    +415    2311    8.4\n","25  05/25   40.6     43  40.15   42.3  ...    -502   27089    +505    2816   10.4\n","24  05/26   42.8  42.95  41.55   41.7  ...    +164   27253     +43    2859   10.5\n","23  05/27  42.05  42.65   41.4   41.6  ...    +488   27741    -242    2617    9.4\n","22  05/28   41.6   42.3   40.5  40.55  ...    -249   27492    -162    2455    8.9\n","21  05/29     41  41.35   40.6   40.6  ...    +624   28116    -149    2306    8.2\n","20  06/01   41.1   42.4  40.65  41.85  ...    +765   28881     +55    2361    8.2\n","19  06/02   41.8  41.85   40.9     41  ...    -503   28378     -53    2308    8.1\n","18  06/03   41.5   42.2   40.9   41.1  ...    +356   28734     -44    2264    7.9\n","17  06/04   41.3   41.4  40.15  40.35  ...    -937   27797     +13    2277    8.2\n","16  06/05  40.45   40.9   40.2   40.8  ...    +200   27997     +47    2324    8.3\n","15  06/08  41.25   41.3  39.65  40.55  ...    +582   28579    +163    2487    8.7\n","14  06/09  39.45   39.6   36.8  37.35  ...    -685   27894    -413    2074    7.4\n","13  06/10   36.8  38.45  36.45  38.05  ...    -568   27326    +194    2268    8.3\n","12  06/11   37.9   38.9   37.7   38.2  ...    +573   27899    +222    2490    8.9\n","11  06/12   37.3  38.45   37.3  37.95  ...    -312   27587    -309    2181    7.9\n","10  06/15   38.1  38.35   37.5   37.7  ...     -91   27496     -36    2145    7.8\n","9   06/16   38.2  38.85   37.8  38.75  ...  +1,058   28554      -1    2144    7.5\n","8   06/17  38.65   38.8     38   38.4  ...  +1,708   30262     +42    2186    7.2\n","7   06/18  39.05   40.6   38.7   40.6  ...   -1482   28780    +304    2490    8.7\n","6   06/19  41.35  41.45  40.35   40.5  ...   -1336   27444    -114    2376    8.7\n","5   06/22  40.25   41.2  40.25  40.55  ...    -948   26496    +172    2548    9.6\n","4   06/23  41.15  41.25   40.5  40.65  ...    -325   26171     -30    2518    9.6\n","3   06/24  40.95     41   40.3   40.5  ...    -345   25826     -94    2424    9.4\n","2   06/29   40.5  41.25   40.2  40.65  ...    -734   25092     -25    2399    9.6\n","1   06/30  41.05  41.15  40.55   40.6  ...    +241   25333      -3    2396    9.5\n","0   07/01   40.9   42.3  40.85  41.95  ...     NaN     NaN     NaN     NaN    NaN\n","\n","[60 rows x 22 columns]\n","59     25.2\n","58     25.9\n","57     26.8\n","56     27.6\n","55     27.8\n","54     27.5\n","53     27.9\n","52    28.15\n","51     29.1\n","50    28.75\n","49    28.85\n","48     27.8\n","47     28.1\n","46    28.35\n","45    28.95\n","44     30.8\n","43    30.95\n","42    30.75\n","41       31\n","40    30.55\n","39     30.6\n","38    31.25\n","37    31.95\n","36       33\n","35     34.9\n","34    35.85\n","33    37.45\n","32     36.5\n","31     35.8\n","30     36.1\n","29     36.3\n","28    39.05\n","27    38.85\n","26     39.8\n","25     42.3\n","24     41.7\n","23     41.6\n","22    40.55\n","21     40.6\n","20    41.85\n","19       41\n","18     41.1\n","17    40.35\n","16     40.8\n","15    40.55\n","14    37.35\n","13    38.05\n","12     38.2\n","11    37.95\n","10     37.7\n","9     38.75\n","8      38.4\n","7      40.6\n","6      40.5\n","5     40.55\n","4     40.65\n","3      40.5\n","2     40.65\n","1      40.6\n","0     41.95\n","Name: 收盤, dtype: object\n","59    04/06\n","58    04/07\n","57    04/08\n","56    04/09\n","55    04/10\n","54    04/13\n","53    04/14\n","52    04/15\n","51    04/16\n","50    04/17\n","49    04/20\n","48    04/21\n","47    04/22\n","46    04/23\n","45    04/24\n","44    04/27\n","43    04/28\n","42    04/29\n","41    04/30\n","40    05/04\n","39    05/05\n","38    05/06\n","37    05/07\n","36    05/08\n","35    05/11\n","34    05/12\n","33    05/13\n","32    05/14\n","31    05/15\n","30    05/18\n","29    05/19\n","28    05/20\n","27    05/21\n","26    05/22\n","25    05/25\n","24    05/26\n","23    05/27\n","22    05/28\n","21    05/29\n","20    06/01\n","19    06/02\n","18    06/03\n","17    06/04\n","16    06/05\n","15    06/08\n","14    06/09\n","13    06/10\n","12    06/11\n","11    06/12\n","10    06/15\n","9     06/16\n","8     06/17\n","7     06/18\n","6     06/19\n","5     06/22\n","4     06/23\n","3     06/24\n","2     06/29\n","1     06/30\n","0     07/01\n","Name: 交易日期, dtype: object\n","25.2\n","60\n"],"name":"stdout"}]},{"cell_type":"markdown","metadata":{"id":"xG620HRE2eF4","colab_type":"text"},"source":["\n","\n","```\n","# Standardize the input data\n","```\n","\n"]},{"cell_type":"code","metadata":{"id":"7WSaJbUHyTvY","colab_type":"code","cellView":"code","colab":{"base_uri":"https://localhost:8080/","height":1000},"executionInfo":{"status":"ok","timestamp":1593596075748,"user_tz":-480,"elapsed":33901,"user":{"displayName":"趙子安","photoUrl":"https://lh3.googleusercontent.com/a-/AOh14Gg5Qa_3eo5bOdiZ5bhF3EDBlWPU_DRxBIAdcGkW8Q=s64","userId":"07690185118927145831"}},"outputId":"25f76e76-713f-4bb7-c1ec-81b0b892d3c9"},"source":["#@title\n","\n","from sklearn.preprocessing import StandardScaler\n","df_stockvalue_standard = df_stockvalue\n","df_stockvalue_standard=StandardScaler().fit_transform(df_stockvalue_standard).flatten()\n","print(df_stockvalue)\n","print(df_stockvalue_standard)\n","\n"],"execution_count":null,"outputs":[{"output_type":"stream","text":["       收盤\n","0    25.2\n","1    25.9\n","2    26.8\n","3    27.6\n","4    27.8\n","5    27.5\n","6    27.9\n","7   28.15\n","8    29.1\n","9   28.75\n","10  28.85\n","11   27.8\n","12   28.1\n","13  28.35\n","14  28.95\n","15   30.8\n","16  30.95\n","17  30.75\n","18     31\n","19  30.55\n","20   30.6\n","21  31.25\n","22  31.95\n","23     33\n","24   34.9\n","25  35.85\n","26  37.45\n","27   36.5\n","28   35.8\n","29   36.1\n","30   36.3\n","31  39.05\n","32  38.85\n","33   39.8\n","34   42.3\n","35   41.7\n","36   41.6\n","37  40.55\n","38   40.6\n","39  41.85\n","40     41\n","41   41.1\n","42  40.35\n","43   40.8\n","44  40.55\n","45  37.35\n","46  38.05\n","47   38.2\n","48  37.95\n","49   37.7\n","50  38.75\n","51   38.4\n","52   40.6\n","53   40.5\n","54  40.55\n","55  40.65\n","56   40.5\n","57  40.65\n","58   40.6\n","59  41.95\n","[-1.85642523 -1.72669169 -1.55989142 -1.41162451 -1.37455778 -1.43015787\n"," -1.35602442 -1.30969101 -1.13362406 -1.19849083 -1.17995747 -1.37455778\n"," -1.31895769 -1.27262428 -1.1614241  -0.81855688 -0.79075684 -0.82782356\n"," -0.78149016 -0.86489029 -0.85562361 -0.73515675 -0.6054232  -0.41082289\n"," -0.05868898  0.11737797  0.41391178  0.23784483  0.10811129  0.16371138\n","  0.2007781   0.7104456   0.67337887  0.84944582  1.31277991  1.20157973\n","  1.18304636  0.98844605  0.99771273  1.22937977  1.07184618  1.09037955\n","  0.95137932  1.03477945  0.98844605  0.39537842  0.52511196  0.55291201\n","  0.5065786   0.46024519  0.65484551  0.58997873  0.99771273  0.97917936\n","  0.98844605  1.00697941  0.97917936  1.00697941  0.99771273  1.24791313]\n"],"name":"stdout"}]},{"cell_type":"markdown","metadata":{"id":"seloRuDLI_bt","colab_type":"text"},"source":["```\n","# This function is made for return stock value according to index\n","```\n","\n"]},{"cell_type":"code","metadata":{"id":"qANs9pY-I-5f","colab_type":"code","cellView":"code","colab":{}},"source":["#@title\n","def stock_value_of_index(index):\n","  stock_value=df_stockvalue.iat[index,0]\n","  #stock_value=df_stockvalue[index]#for standardize data input\n","  return stock_value"],"execution_count":null,"outputs":[]},{"cell_type":"code","metadata":{"id":"fqaCZ8pJYsKe","colab_type":"code","cellView":"code","colab":{}},"source":["#@title\n","def stock_value_standard_of_index(index):\n","  #stock_value=df_stockvalue.iat[index,0]\n","  stock_value_standard=df_stockvalue_standard[index]#for standardize data input\n","  return stock_value_standard"],"execution_count":null,"outputs":[]},{"cell_type":"markdown","metadata":{"id":"XqAPUDwNL5GD","colab_type":"text"},"source":["```\n","# This function is for index to x value\n","```\n","\n"]},{"cell_type":"code","metadata":{"id":"csodGrAtL4N9","colab_type":"code","cellView":"code","colab":{}},"source":["#@title\n","def x_value_of_index(index):\n","  print(\"index=\"+str(index))\n","  x_value=index+1\n","  print(\"x_value=\"+str(x_value))\n","  return x_value"],"execution_count":null,"outputs":[]},{"cell_type":"markdown","metadata":{"id":"mZGbh5l3L-59","colab_type":"text"},"source":["定義全域變數, 初始list\n","\n","```\n","PIP_BY_ORDER:PIP依加入順序\n","PIP_MSE:PIP MSE(依加入順序）\n","```"]},{"cell_type":"code","metadata":{"id":"sqrJWSCgL0oL","colab_type":"code","cellView":"code","colab":{}},"source":["#@title\n","PIP_H=0\n","PIP_E=int(length_of_data)-1\n","PIP_INDEX_BY_ORDER=[]\n","PIP_VD_SUM=[]\n","PIP_VD_MVRANGE=[]\n","PIP_VD_MVRANGE.append(0)\n","PIP_VD_MVRANGE.append(0)\n","#print(df_stockvalue.iat[PIP_E,0])\n","#initial PIP_INDEX_BY_ORDER\n","PIP_INDEX_BY_ORDER.append(PIP_H)\n","PIP_INDEX_BY_ORDER.append(PIP_E)\n","PIP_INDEX_BY_ORDER\n","BEST_PIP_INDEX=[]\n","BEST_PIP_X=[]\n","BEST_PIP_Y=[]\n","ORI_PIP_Y=[]"],"execution_count":null,"outputs":[]},{"cell_type":"markdown","metadata":{"id":"cpem2vN9kzbw","colab_type":"text"},"source":["PIP_VD: \n","```\n","VD(p3,pc)=|yc-y3|=|(y1+(y2-y1)*[(xc-x1)/(x2-x1)])-y3| =([(xc-x1)/(x2-x1)]*(y2-y1)+y1)-y3\n","input:  pip_start, pip_end, pip_candidate\n","output: pip_vd\n","VD記得取絕對值\n","```"]},{"cell_type":"code","metadata":{"id":"pnpQdiUirQrj","colab_type":"code","cellView":"code","colab":{}},"source":["#@title\n","def pip_vd( pip_start_x, pip_start_y, pip_end_x, pip_end_y, pip_candidate_x, pip_candidate_y ):\n","  #針對index 0~59, 加1後為該數列的x值\n","  '''\n","  print(pip_start_x)\n","  print(pip_end_x)\n","  print(pip_candidate_x)\n","  print(pip_start_y)\n","  print(pip_end_y)\n","  print(pip_candidate_y)\n","  '''\n","  pip_start_x=float(pip_start_x)\n","  pip_end_x=float(pip_end_x)\n","  pip_candidate_x=float(pip_candidate_x)\n","  pip_start_y=float(pip_start_y)\n","  pip_end_y=float(pip_end_y)\n","  pip_candidate_y=float(pip_candidate_y)\n","  print(pip_start_x, pip_start_y)\n","  print(pip_end_x, pip_end_y)\n","  print(pip_candidate_x, pip_candidate_y)\n","  # Add both the parameters and return them.\"\n","  vd = (((pip_candidate_x-pip_start_x)/(pip_end_x-pip_start_x))*(pip_end_y-pip_start_y)+pip_start_y)-pip_candidate_y\n","  vd = round((vd),3)\n","  vd = vd**(2)\n","  vd = vd**(0.5)\n","  return vd"],"execution_count":null,"outputs":[]},{"cell_type":"markdown","metadata":{"id":"ttcM2VqLlSs4","colab_type":"text"},"source":["以MSE決定PIP數目\n","```\n","# MSE between after PIP and Original\n","# 直接利用VD平方後取平均為MSE\n","```\n","\n"]},{"cell_type":"code","metadata":{"id":"Vjf8Onkj4GBY","colab_type":"code","cellView":"code","colab":{}},"source":["#@title\n","def pip_num_by_mse():\n","  pip_num=0\n","  for i in range(0,length_of_data-3,1):\n","    print(PIP_VD_SUM[i],PIP_VD_SUM[i+1])\n","    pip_vd_mvrange = ((PIP_VD_SUM[i] - PIP_VD_SUM[i + 1])**(2))**(0.5)\n","    PIP_VD_MVRANGE.append(pip_vd_mvrange)\n","#  for j in range(length_of_data-3,0,-1):\n","#    sum += PIP_VD_MVRANGE[i]\n","  print(\"PIP_VD_MVRANGE=\"+str(PIP_VD_MVRANGE))\n","  sum_tmp=sum(PIP_VD_MVRANGE)\n","  MRAVG = sum_tmp / (length_of_data - 2)\n","  print(\"MRAVG=\"+str(MRAVG))\n","  for k in range(2,length_of_data-1,1):\n","    print(\"K=\"+str(k)+\"PIP_VD_MVRANGE[k]=\"+str(PIP_VD_MVRANGE[k]))\n","    if PIP_VD_MVRANGE[k] > MRAVG:\n","      pip_num = k + 1\n","      pip_num += 1 #這裡+1是取第一個超過平均值的下一點為PIP數目點\n","  return pip_num"],"execution_count":null,"outputs":[]},{"cell_type":"markdown","metadata":{"id":"OnnVaiiOi7_M","colab_type":"text"},"source":["用來更新PIP_Head and PIP_End \n","\n","\n"]},{"cell_type":"code","metadata":{"id":"zcdET2RTk8ic","colab_type":"code","cellView":"code","colab":{}},"source":["#@title\n","def pip_update_phpe( ph, pe, pip_num, mintmp ):\n","  global PIP_H, PIP_E\n","  print(\"###pip_update_phpe###\")\n","  print(ph, pe, pip_num, mintmp)\n","  PIP_H=mintmp\n","  mintmp=length_of_data\n","  for i in range(0,pip_num):\n","    if PIP_INDEX_BY_ORDER[i] > PIP_H and PIP_INDEX_BY_ORDER[i] < mintmp:\n","      mintmp=PIP_INDEX_BY_ORDER[i]\n","  PIP_E=mintmp\n","  print(PIP_H, PIP_E)\n","  return mintmp"],"execution_count":null,"outputs":[]},{"cell_type":"markdown","metadata":{"id":"Yj1ZxQvN3ieO","colab_type":"text"},"source":["\n","\n","```\n","# PIP main function start here\n","```\n","\n"]},{"cell_type":"code","metadata":{"id":"RdHBaC7RoYMW","colab_type":"code","cellView":"code","colab":{"base_uri":"https://localhost:8080/","height":1000},"executionInfo":{"status":"ok","timestamp":1593596080407,"user_tz":-480,"elapsed":38535,"user":{"displayName":"趙子安","photoUrl":"https://lh3.googleusercontent.com/a-/AOh14Gg5Qa_3eo5bOdiZ5bhF3EDBlWPU_DRxBIAdcGkW8Q=s64","userId":"07690185118927145831"}},"outputId":"b94a0ff6-3c10-4b38-e752-efd5dcfd9e4a"},"source":["#@title\n","'''\n","PIP_H=1\n","pip_candidate=22\n","print(PIP_H, PIP_E)\n","vd=pip_vd(x_value_of_index(PIP_H),stock_value_of_index(PIP_H),x_value_of_index(PIP_E),stock_value_of_index(PIP_E),x_value_of_index(pip_candidate),stock_value_of_index(pip_candidate))\n","print(vd)\n","PIP_H=43\n","pip_update_phpe(PIP_H,PIP_E,33)\n","print(\"now=\"+str(PIP_H))\n","print(\"now1=\"+str(PIP_E))\n","'''\n","'''\n","max_vd = 0\n","pip_candidate = 0\n","vd_sum = 0\n","for idx in range(length_of_data):\n","  if idx !=PIP_H or idx !=PIP_E:\n","    tmp_vd=pip_vd(x_value_of_index(PIP_H),stock_value_of_index(PIP_H),x_value_of_index(PIP_E),stock_value_of_index(PIP_E),x_value_of_index(idx),stock_value_of_index(idx))\n","    print(tmp_vd)\n","    vd_sum+=tmp_vd\n","    if tmp_vd > max_vd:\n","      max_vd=tmp_vd\n","      pip_candidate=idx\n","PIP_VD_SUM.append(vd_sum)\n","PIP_INDEX_BY_ORDER.append(pip_candidate)\n","print (\"MAX_VD=\"+str(max_vd))\n","print (PIP_INDEX_BY_ORDER)\n","print(PIP_VD_SUM)\n","'''\n","pip_num=len(PIP_INDEX_BY_ORDER)\n","while pip_num < length_of_data:\n","  mintmp = 0 #為了選出ph, pe\n","  print(PIP_INDEX_BY_ORDER)\n","  max_vd = 0\n","  pip_candidate = 0\n","  vd_sum = 0\n","  print(\"len of PIP_INDEX_BY_ORDER=\"+str(len(PIP_INDEX_BY_ORDER)))\n","  for i in range(1, pip_num):\n","    if len(PIP_INDEX_BY_ORDER) > 2:\n","      print(\"i=\"+str(i)+\", pip_update_phpe\")\n","      mintmp=pip_update_phpe(PIP_H, PIP_E, pip_num, mintmp)\n","    else:\n","      mintmp=1\n","    print (\"pip_num=\"+str(pip_num))\n","    print(\"mintmp=\"+str(mintmp))\n","\n","    for j in range(int(PIP_H+1), int(PIP_E)):\n","      print (\"j=\"+str(j))\n","      #if j !=PIP_H or j !=PIP_E:\n","      print(\"PIP_H=\"+str(PIP_H)+\", PIP_E=\"+str(PIP_E))\n","      tmp_vd=pip_vd(x_value_of_index(PIP_H),stock_value_standard_of_index(PIP_H),x_value_of_index(PIP_E),stock_value_standard_of_index(PIP_E),x_value_of_index(j),stock_value_standard_of_index(j))\n","      print(\"round:\"+str(j)+\"tmp_vd=\"+str(tmp_vd))\n","      vd_sum+=tmp_vd\n","      if tmp_vd > max_vd:\n","        max_vd=tmp_vd\n","        pip_candidate=j\n","        print(\"j=\"+str(j)+\", pip_candidate=\"+str(pip_candidate))\n","  PIP_VD_SUM.append(vd_sum)\n","  print(\"!!!!pip_can=\"+str(pip_candidate))\n","  PIP_INDEX_BY_ORDER.append(pip_candidate)\n","  print(\"max_vd=\"+str(max_vd))\n","  print(\"pip_candidate=\"+str(pip_candidate))\n","  pip_num+=1\n","print(\"Final PIP:\"+str(PIP_INDEX_BY_ORDER))\n","print(\"Final PIP VD SUM=\"+str(PIP_VD_SUM))\n","print(\"length of VD SUM=\"+str(len(PIP_VD_SUM)))\n","best_pip_num=pip_num_by_mse()\n","print(\"best_pip_num=\"+str(best_pip_num))"],"execution_count":null,"outputs":[{"output_type":"stream","text":["\u001b[1;30;43mStreaming output truncated to the last 5000 lines.\u001b[0m\n","mintmp=51\n","i=44, pip_update_phpe\n","###pip_update_phpe###\n","50 51 47 51\n","51 52\n","pip_num=47\n","mintmp=52\n","i=45, pip_update_phpe\n","###pip_update_phpe###\n","51 52 47 52\n","52 58\n","pip_num=47\n","mintmp=58\n","j=53\n","PIP_H=52, PIP_E=58\n","index=52\n","x_value=53\n","index=58\n","x_value=59\n","index=53\n","x_value=54\n","53.0 0.9977127281707225\n","59.0 0.9977127281707225\n","54.0 0.9791793647991298\n","round:53tmp_vd=0.019\n","j=54\n","PIP_H=52, PIP_E=58\n","index=52\n","x_value=53\n","index=58\n","x_value=59\n","index=54\n","x_value=55\n","53.0 0.9977127281707225\n","59.0 0.9977127281707225\n","55.0 0.9884460464849255\n","round:54tmp_vd=0.009\n","j=55\n","PIP_H=52, PIP_E=58\n","index=52\n","x_value=53\n","index=58\n","x_value=59\n","index=55\n","x_value=56\n","53.0 0.9977127281707225\n","59.0 0.9977127281707225\n","56.0 1.0069794098565181\n","round:55tmp_vd=0.009\n","j=56\n","PIP_H=52, PIP_E=58\n","index=52\n","x_value=53\n","index=58\n","x_value=59\n","index=56\n","x_value=57\n","53.0 0.9977127281707225\n","59.0 0.9977127281707225\n","57.0 0